nodal matrix
begin values
0, 0.0, 0.0, 0.0
1, 0.5, 0.0, 0.6180339887498948
2, 1.0, 0.0, 1.1755705045849463
3, 1.5, 0.0, 1.618033988749895
4, 2.0, 0.0, 1.902113032590307
5, 2.5, 0.0, 2.0
6, 3.0, 0.0, 1.9021130325903073
7, 3.5, 0.0, 1.618033988749895
8, 4.0, 0.0, 1.1755705045849465
9, 4.5, 0.0, 0.618033988749895
10, 5.0, 0.0, 2.4492935982947064e-16
11, 5.5, 0.0, -0.6180339887498938
12, 6.0, 0.0, -1.175570504584946
13, 6.5, 0.0, -1.6180339887498947
14, 7.0, 0.0, -1.902113032590307
15, 7.5, 0.0, -2.0
16, 8.0, 0.0, -1.9021130325903073
17, 8.5, 0.0, -1.6180339887498951
18, 9.0, 0.0, -1.1755705045849467
19, 9.5, 0.0, -0.6180339887498953
20, 10.0, 0.0, -4.898587196589413e-16
21, 0.0, 1.0, 0.0
22, 0.5, 1.0, 0.6180339887498948
23, 1.0, 1.0, 1.1755705045849463
24, 1.5, 1.0, 1.618033988749895
25, 2.0, 1.0, 1.902113032590307
26, 2.5, 1.0, 2.0
27, 3.0, 1.0, 1.9021130325903073
28, 3.5, 1.0, 1.618033988749895
29, 4.0, 1.0, 1.1755705045849465
30, 4.5, 1.0, 0.618033988749895
31, 5.0, 1.0, 2.4492935982947064e-16
32, 5.5, 1.0, -0.6180339887498938
33, 6.0, 1.0, -1.175570504584946
34, 6.5, 1.0, -1.6180339887498947
35, 7.0, 1.0, -1.902113032590307
36, 7.5, 1.0, -2.0
37, 8.0, 1.0, -1.9021130325903073
38, 8.5, 1.0, -1.6180339887498951
39, 9.0, 1.0, -1.1755705045849467
40, 9.5, 1.0, -0.6180339887498953
41, 10.0, 1.0, -4.898587196589413e-16
42, 0.0, 2.0, 0.0
43, 0.5, 2.0, 0.6180339887498948
44, 1.0, 2.0, 1.1755705045849463
45, 1.5, 2.0, 1.618033988749895
46, 2.0, 2.0, 1.902113032590307
47, 2.5, 2.0, 2.0
48, 3.0, 2.0, 1.9021130325903073
49, 3.5, 2.0, 1.618033988749895
50, 4.0, 2.0, 1.1755705045849465
51, 4.5, 2.0, 0.618033988749895
52, 5.0, 2.0, 2.4492935982947064e-16
53, 5.5, 2.0, -0.6180339887498938
54, 6.0, 2.0, -1.175570504584946
55, 6.5, 2.0, -1.6180339887498947
56, 7.0, 2.0, -1.902113032590307
57, 7.5, 2.0, -2.0
58, 8.0, 2.0, -1.9021130325903073
59, 8.5, 2.0, -1.6180339887498951
60, 9.0, 2.0, -1.1755705045849467
61, 9.5, 2.0, -0.6180339887498953
62, 10.0, 2.0, -4.898587196589413e-16
63, 0.0, 3.0, 0.0
64, 0.5, 3.0, 0.6180339887498948
65, 1.0, 3.0, 1.1755705045849463
66, 1.5, 3.0, 1.618033988749895
67, 2.0, 3.0, 1.902113032590307
68, 2.5, 3.0, 2.0
69, 3.0, 3.0, 1.9021130325903073
70, 3.5, 3.0, 1.618033988749895
71, 4.0, 3.0, 1.1755705045849465
72, 4.5, 3.0, 0.618033988749895
73, 5.0, 3.0, 2.4492935982947064e-16
74, 5.5, 3.0, -0.6180339887498938
75, 6.0, 3.0, -1.175570504584946
76, 6.5, 3.0, -1.6180339887498947
77, 7.0, 3.0, -1.902113032590307
78, 7.5, 3.0, -2.0
79, 8.0, 3.0, -1.9021130325903073
80, 8.5, 3.0, -1.6180339887498951
81, 9.0, 3.0, -1.1755705045849467
82, 9.5, 3.0, -0.6180339887498953
83, 10.0, 3.0, -4.898587196589413e-16
84, 0.0, 4.0, 0.0
85, 0.5, 4.0, 0.6180339887498948
86, 1.0, 4.0, 1.1755705045849463
87, 1.5, 4.0, 1.618033988749895
88, 2.0, 4.0, 1.902113032590307
89, 2.5, 4.0, 2.0
90, 3.0, 4.0, 1.9021130325903073
91, 3.5, 4.0, 1.618033988749895
92, 4.0, 4.0, 1.1755705045849465
93, 4.5, 4.0, 0.618033988749895
94, 5.0, 4.0, 2.4492935982947064e-16
95, 5.5, 4.0, -0.6180339887498938
96, 6.0, 4.0, -1.175570504584946
97, 6.5, 4.0, -1.6180339887498947
98, 7.0, 4.0, -1.902113032590307
99, 7.5, 4.0, -2.0
100, 8.0, 4.0, -1.9021130325903073
101, 8.5, 4.0, -1.6180339887498951
102, 9.0, 4.0, -1.1755705045849467
103, 9.5, 4.0, -0.6180339887498953
104, 10.0, 4.0, -4.898587196589413e-16
105, 0.0, 5.0, 0.0
106, 0.5, 5.0, 0.6180339887498948
107, 1.0, 5.0, 1.1755705045849463
108, 1.5, 5.0, 1.618033988749895
109, 2.0, 5.0, 1.902113032590307
110, 2.5, 5.0, 2.0
111, 3.0, 5.0, 1.9021130325903073
112, 3.5, 5.0, 1.618033988749895
113, 4.0, 5.0, 1.1755705045849465
114, 4.5, 5.0, 0.618033988749895
115, 5.0, 5.0, 2.4492935982947064e-16
116, 5.5, 5.0, -0.6180339887498938
117, 6.0, 5.0, -1.175570504584946
118, 6.5, 5.0, -1.6180339887498947
119, 7.0, 5.0, -1.902113032590307
120, 7.5, 5.0, -2.0
121, 8.0, 5.0, -1.9021130325903073
122, 8.5, 5.0, -1.6180339887498951
123, 9.0, 5.0, -1.1755705045849467
124, 9.5, 5.0, -0.6180339887498953
125, 10.0, 5.0, -4.898587196589413e-16
end values

connectivity matrix
begin values
0, 0, 1, 21
1, 1, 21, 22
2, 1, 2, 22
3, 2, 22, 23
4, 2, 3, 23
5, 3, 23, 24
6, 3, 4, 24
7, 4, 24, 25
8, 4, 5, 25
9, 5, 25, 26
10, 5, 6, 26
11, 6, 26, 27
12, 6, 7, 27
13, 7, 27, 28
14, 7, 8, 28
15, 8, 28, 29
16, 8, 9, 29
17, 9, 29, 30
18, 9, 10, 30
19, 10, 30, 31
20, 10, 11, 31
21, 11, 31, 32
22, 11, 12, 32
23, 12, 32, 33
24, 12, 13, 33
25, 13, 33, 34
26, 13, 14, 34
27, 14, 34, 35
28, 14, 15, 35
29, 15, 35, 36
30, 15, 16, 36
31, 16, 36, 37
32, 16, 17, 37
33, 17, 37, 38
34, 17, 18, 38
35, 18, 38, 39
36, 18, 19, 39
37, 19, 39, 40
38, 19, 20, 40
39, 20, 40, 41
40, 21, 22, 42
41, 22, 42, 43
42, 22, 23, 43
43, 23, 43, 44
44, 23, 24, 44
45, 24, 44, 45
46, 24, 25, 45
47, 25, 45, 46
48, 25, 26, 46
49, 26, 46, 47
50, 26, 27, 47
51, 27, 47, 48
52, 27, 28, 48
53, 28, 48, 49
54, 28, 29, 49
55, 29, 49, 50
56, 29, 30, 50
57, 30, 50, 51
58, 30, 31, 51
59, 31, 51, 52
60, 31, 32, 52
61, 32, 52, 53
62, 32, 33, 53
63, 33, 53, 54
64, 33, 34, 54
65, 34, 54, 55
66, 34, 35, 55
67, 35, 55, 56
68, 35, 36, 56
69, 36, 56, 57
70, 36, 37, 57
71, 37, 57, 58
72, 37, 38, 58
73, 38, 58, 59
74, 38, 39, 59
75, 39, 59, 60
76, 39, 40, 60
77, 40, 60, 61
78, 40, 41, 61
79, 41, 61, 62
80, 42, 43, 63
81, 43, 63, 64
82, 43, 44, 64
83, 44, 64, 65
84, 44, 45, 65
85, 45, 65, 66
86, 45, 46, 66
87, 46, 66, 67
88, 46, 47, 67
89, 47, 67, 68
90, 47, 48, 68
91, 48, 68, 69
92, 48, 49, 69
93, 49, 69, 70
94, 49, 50, 70
95, 50, 70, 71
96, 50, 51, 71
97, 51, 71, 72
98, 51, 52, 72
99, 52, 72, 73
100, 52, 53, 73
101, 53, 73, 74
102, 53, 54, 74
103, 54, 74, 75
104, 54, 55, 75
105, 55, 75, 76
106, 55, 56, 76
107, 56, 76, 77
108, 56, 57, 77
109, 57, 77, 78
110, 57, 58, 78
111, 58, 78, 79
112, 58, 59, 79
113, 59, 79, 80
114, 59, 60, 80
115, 60, 80, 81
116, 60, 61, 81
117, 61, 81, 82
118, 61, 62, 82
119, 62, 82, 83
120, 63, 64, 84
121, 64, 84, 85
122, 64, 65, 85
123, 65, 85, 86
124, 65, 66, 86
125, 66, 86, 87
126, 66, 67, 87
127, 67, 87, 88
128, 67, 68, 88
129, 68, 88, 89
130, 68, 69, 89
131, 69, 89, 90
132, 69, 70, 90
133, 70, 90, 91
134, 70, 71, 91
135, 71, 91, 92
136, 71, 72, 92
137, 72, 92, 93
138, 72, 73, 93
139, 73, 93, 94
140, 73, 74, 94
141, 74, 94, 95
142, 74, 75, 95
143, 75, 95, 96
144, 75, 76, 96
145, 76, 96, 97
146, 76, 77, 97
147, 77, 97, 98
148, 77, 78, 98
149, 78, 98, 99
150, 78, 79, 99
151, 79, 99, 100
152, 79, 80, 100
153, 80, 100, 101
154, 80, 81, 101
155, 81, 101, 102
156, 81, 82, 102
157, 82, 102, 103
158, 82, 83, 103
159, 83, 103, 104
160, 84, 85, 105
161, 85, 105, 106
162, 85, 86, 106
163, 86, 106, 107
164, 86, 87, 107
165, 87, 107, 108
166, 87, 88, 108
167, 88, 108, 109
168, 88, 89, 109
169, 89, 109, 110
170, 89, 90, 110
171, 90, 110, 111
172, 90, 91, 111
173, 91, 111, 112
174, 91, 92, 112
175, 92, 112, 113
176, 92, 93, 113
177, 93, 113, 114
178, 93, 94, 114
179, 94, 114, 115
180, 94, 95, 115
181, 95, 115, 116
182, 95, 96, 116
183, 96, 116, 117
184, 96, 97, 117
185, 97, 117, 118
186, 97, 98, 118
187, 98, 118, 119
188, 98, 99, 119
189, 99, 119, 120
190, 99, 100, 120
191, 100, 120, 121
192, 100, 101, 121
193, 101, 121, 122
194, 101, 102, 122
195, 102, 122, 123
196, 102, 103, 123
197, 103, 123, 124
198, 103, 104, 124
199, 104, 124, 125
end values
